   1.05466084200833        1.026967      0.4782931
   1.07057183924544        1.034684      0.4928333
   1.09670467962337        1.047237      0.5171873
   1.12135262765672        1.058939      0.5406957
   1.14941531245862        1.072108      0.5680969
   1.17895801110920        1.085798      0.5976751
   1.20309309367886        1.096856      0.6223962
   1.22142605833572        1.105181      0.6415091
   1.25356471615501        1.119627      0.6757125
   1.27798489698838        1.130480      0.7022955
   1.29796430858216        1.139282      0.7244259
   1.32193622273109        1.149755      0.7514316
   1.34789758118131        1.160990      0.7812360
   1.37044881331027        1.170662      0.8075959
   1.39900781804801        1.182797      0.8416058
   1.42019955382523        1.191721      0.8672957
   1.44970371546933        1.204036      0.9037056
   1.47614733971323        1.214968      0.9369747
   1.50413964550086        1.226434      0.9728475
   1.52082226862998        1.233216      0.9945472
   1.54567128274224        1.243250       1.027313
   1.57305150548494        1.254213       1.064031
   1.60245454600826        1.265881       1.104180
   1.62935551867761        1.276462       1.141564
   1.65400269641405        1.286080       1.176362
   1.67911900114311        1.295808       1.212359
   1.69885255322193        1.303400       1.241023
   1.72066366073298        1.311741       1.273094
   1.74994839778324        1.322856       1.316797
   1.77852292833908        1.333613       1.360152
   1.80065708521134        1.341886       1.394217
   1.82943235493324        1.352565       1.439134
   1.84538962538953        1.358451       1.464349
   1.87923644903340        1.370852       1.518558
   1.90279921586037        1.379420       1.556877
   1.92222163673645        1.386442       1.588822
   1.95485069787366        1.398160       1.643220
   1.97147932025083        1.404094       1.671294
   1.99873770998015        1.413767       1.717830
   2.02049332502125        1.421441       1.755429