     5000000   22014.42       13702.98
    10000000   26125.37       20426.75
    15000000   42173.68       12701.90
    20000000   47249.11       10669.55
    25000000   46105.39       10381.19
    30000000   54657.52       9679.418
    35000000   63733.42       7803.432
    40000000   65865.99       7451.044
    45000000   62475.01       7814.331
    50000000   63360.88       7760.392
    55000000   66474.20       4983.494
    60000000   66111.38       3052.775
    65000000   72724.08       5437.615
    70000000   76334.91       4903.504
    75000000   83521.95       4522.229
    80000000   89343.80       3306.048
    85000000   92246.70       3015.504
    90000000   93043.45       4162.058
    95000000   100575.5       3942.717
   100000000   104362.9       2829.495